53 0.3609375 0.1765625 0.0796875 0.0203125
46 0.36875 0.221875 0.0703125 0.0265625
47 0.36875 0.2625 0.06875 0.028125
8 0.36875 0.3046875 0.06875 0.025
6 0.36875 0.3453125 0.0671875 0.025
4 0.36875 0.3875 0.0671875 0.0265625
7 0.36875 0.428125 0.0671875 0.0265625
0 0.36875 0.4703125 0.065625 0.0265625
42 0.36875 0.5109375 0.065625 0.0265625
37 0.36875 0.55 0.065625 0.025
36 0.36875 0.59375 0.0640625 0.0265625
34 0.3703125 0.634375 0.0671875 0.028125
35 0.36875 0.6765625 0.0671875 0.028125
31 0.36875 0.7171875 0.065625 0.0265625
25 0.36875 0.759375 0.065625 0.0265625
18 0.3703125 0.8 0.065625 0.0265625
19 0.36875 0.8421875 0.065625 0.0265625
3 0.59375 0.61875 0.0453125 0.0171875
2 0.59375 0.64375 0.04375 0.0171875
1 0.59375 0.6671875 0.04375 0.0171875
16 0.59375 0.6921875 0.04375 0.0171875
27 0.7125 0.3890625 0.0234375 0.009375
9 0.7125 0.4140625 0.0234375 0.009375
3 0.7125 0.4390625 0.0234375 0.009375