13 0.7125 0.3890625 0.0234375 0.0109375
5 0.7125 0.4140625 0.0234375 0.0109375
51 0.7125 0.4390625 0.0234375 0.0109375
52 0.59375 0.278125 0.0453125 0.0203125
41 0.59375 0.3015625 0.046875 0.0171875
37 0.59375 0.3265625 0.046875 0.01875
32 0.59375 0.3515625 0.0453125 0.01875
31 0.59375 0.375 0.0453125 0.0171875
27 0.59375 0.4015625 0.0453125 0.0203125
54 0.4328125 0.23125 0.0234375 0.05
15 0.36875 0.19375 0.06875 0.0296875
44 0.36875 0.234375 0.06875 0.028125
3 0.36875 0.278125 0.06875 0.03125
1 0.36875 0.31875 0.06875 0.0296875
35 0.36875 0.359375 0.06875 0.03125
34 0.36875 0.4 0.06875 0.028125
33 0.36875 0.4421875 0.06875 0.0296875
30 0.36875 0.4828125 0.06875 0.028125
28 0.36875 0.525 0.06875 0.028125
26 0.36875 0.5671875 0.06875 0.0296875
25 0.36875 0.6078125 0.06875 0.0296875
23 0.36875 0.6484375 0.06875 0.0296875
22 0.36875 0.6921875 0.06875 0.0296875
19 0.36875 0.7328125 0.06875 0.0296875
18 0.36875 0.7734375 0.06875 0.0296875
17 0.36875 0.8140625 0.06875 0.028125