13 0.36875 0.1796875 0.0703125 0.028125
12 0.36875 0.221875 0.06875 0.028125
45 0.36875 0.2625 0.06875 0.028125
44 0.36875 0.3046875 0.06875 0.028125
9 0.36875 0.346875 0.06875 0.0296875
8 0.36875 0.3875 0.06875 0.028125
3 0.36875 0.428125 0.06875 0.028125
50 0.36875 0.4703125 0.06875 0.0296875
43 0.36875 0.5125 0.06875 0.03125
40 0.36875 0.553125 0.06875 0.028125
29 0.36875 0.5953125 0.0703125 0.028125
27 0.36875 0.6359375 0.06875 0.0296875
26 0.36875 0.678125 0.06875 0.03125
25 0.36875 0.71875 0.0703125 0.0296875
22 0.3703125 0.7625 0.0703125 0.028125
20 0.36875 0.8015625 0.06875 0.028125
18 0.3703125 0.84375 0.06875 0.028125
5 0.59375 0.278125 0.0453125 0.01875
1 0.59375 0.303125 0.0453125 0.01875
52 0.59375 0.3265625 0.0453125 0.01875
41 0.5953125 0.3515625 0.046875 0.01875
36 0.59375 0.3765625 0.0453125 0.015625
32 0.59375 0.4 0.0453125 0.0171875
30 0.59375 0.425 0.0453125 0.015625
54 0.4328125 0.23125 0.025 0.0515625
52 0.7125 0.3890625 0.0234375 0.0109375
53 0.7125 0.4140625 0.025 0.009375
36 0.7125 0.4390625 0.0234375 0.0109375