52 0.7125 0.3890625 0.0234375 0.0109375
53 0.7125 0.4140625 0.025 0.009375
36 0.7125 0.4390625 0.0234375 0.009375
54 0.625 0.309375 0.0234375 0.0484375
45 0.36875 0.2734375 0.06875 0.028125
44 0.36875 0.315625 0.06875 0.0265625
9 0.3828125 0.35625 0.0703125 0.028125
8 0.3828125 0.3984375 0.0703125 0.0296875
3 0.36875 0.4390625 0.0703125 0.028125
50 0.36875 0.48125 0.0703125 0.0296875
29 0.36875 0.5234375 0.0703125 0.028125
27 0.36875 0.5640625 0.06875 0.028125
26 0.36875 0.60625 0.0671875 0.0296875
25 0.36875 0.6453125 0.06875 0.0265625
18 0.3703125 0.6875 0.06875 0.0265625
28 0.5953125 0.6671875 0.0421875 0.0171875
31 0.59375 0.6921875 0.04375 0.01875