33 0.7125 0.3890625 0.0234375 0.009375
46 0.7125 0.4140625 0.0234375 0.0109375
12 0.7125 0.4390625 0.0234375 0.009375
54 0.6265625 0.6984375 0.0234375 0.046875
37 0.4890625 0.425 0.05 0.0171875
35 0.4890625 0.453125 0.0515625 0.0203125
30 0.4890625 0.4828125 0.05 0.0171875
26 0.4890625 0.5109375 0.0484375 0.021875
21 0.490625 0.5390625 0.05 0.021875
34 0.5953125 0.375 0.04375 0.0171875
48 0.359375 0.3328125 0.0796875 0.0203125
2 0.3671875 0.378125 0.06875 0.0234375
51 0.36875 0.41875 0.06875 0.028125
40 0.36875 0.4578125 0.0671875 0.0265625
38 0.3703125 0.5015625 0.0671875 0.028125
32 0.36875 0.5421875 0.0671875 0.025
25 0.36875 0.5859375 0.0671875 0.0265625
27 0.36875 0.6265625 0.0671875 0.0296875