52 0.7125 0.3890625 0.0234375 0.0109375
22 0.7125 0.4140625 0.0234375 0.009375
47 0.7125 0.4390625 0.0234375 0.009375
54 0.625 0.309375 0.025 0.046875
54 0.4328125 0.23125 0.025 0.0484375
14 0.36875 0.1921875 0.0671875 0.0265625
44 0.36875 0.234375 0.06875 0.0265625
45 0.36875 0.275 0.06875 0.028125
6 0.3703125 0.3171875 0.06875 0.028125
5 0.36875 0.359375 0.06875 0.0296875
7 0.3703125 0.4015625 0.06875 0.0296875
1 0.3703125 0.4421875 0.06875 0.028125
49 0.3703125 0.4828125 0.0671875 0.0296875
42 0.3703125 0.5234375 0.0671875 0.028125
37 0.3703125 0.5640625 0.0671875 0.028125
33 0.3703125 0.60625 0.0671875 0.028125
28 0.3703125 0.6484375 0.0671875 0.028125
24 0.3703125 0.6890625 0.0671875 0.028125
20 0.3703125 0.7296875 0.0671875 0.028125
18 0.3703125 0.7734375 0.0671875 0.0265625
16 0.36875 0.8140625 0.0671875 0.0265625