52 0.7125 0.3890625 0.0234375 0.0109375
22 0.7125 0.4140625 0.0234375 0.0109375
47 0.7125 0.4390625 0.0234375 0.0109375
39 0.59375 0.278125 0.04375 0.0171875
35 0.59375 0.303125 0.0453125 0.015625
31 0.59375 0.328125 0.0453125 0.015625
25 0.5921875 0.3515625 0.040625 0.0171875
14 0.3671875 0.18125 0.0703125 0.0296875
44 0.3671875 0.221875 0.0703125 0.028125
45 0.3671875 0.2640625 0.06875 0.028125
6 0.36875 0.3046875 0.0703125 0.028125
5 0.36875 0.3453125 0.0703125 0.028125
7 0.36875 0.3875 0.0703125 0.0296875
1 0.36875 0.428125 0.071875 0.0265625
49 0.3671875 0.4703125 0.0703125 0.028125
42 0.36875 0.5125 0.0703125 0.03125
36 0.36875 0.553125 0.06875 0.028125
37 0.3671875 0.59375 0.06875 0.0265625
33 0.36875 0.6359375 0.06875 0.028125
28 0.36875 0.678125 0.06875 0.028125
24 0.36875 0.71875 0.0671875 0.028125
20 0.36875 0.7609375 0.06875 0.0265625
18 0.36875 0.8015625 0.0671875 0.0265625
16 0.36875 0.84375 0.0671875 0.028125