54 0.625 0.309375 0.021875 0.04375
45 0.7125 0.3890625 0.021875 0.009375
51 0.7125 0.4140625 0.0234375 0.0109375
42 0.7125 0.4390625 0.021875 0.009375
45 0.59375 0.6671875 0.04375 0.015625
46 0.59375 0.6921875 0.04375 0.0171875
13 0.384375 0.203125 0.0703125 0.0265625
12 0.384375 0.2453125 0.0671875 0.0265625
47 0.36875 0.2875 0.065625 0.028125
9 0.3703125 0.328125 0.065625 0.028125
10 0.36875 0.36875 0.065625 0.0265625
7 0.36875 0.4109375 0.065625 0.0296875
3 0.3703125 0.4515625 0.065625 0.0265625
0 0.3703125 0.49375 0.0640625 0.0265625
39 0.36875 0.5359375 0.065625 0.028125
33 0.36875 0.5765625 0.065625 0.028125
32 0.36875 0.6171875 0.065625 0.028125
34 0.36875 0.659375 0.065625 0.0265625
27 0.36875 0.7 0.0671875 0.0265625
24 0.3703125 0.74375 0.0640625 0.028125
19 0.36875 0.784375 0.065625 0.025