45 0.3703125 0.2515625 0.0703125 0.0265625
5 0.36875 0.2953125 0.06875 0.03125
3 0.36875 0.3359375 0.06875 0.028125
0 0.36875 0.378125 0.06875 0.03125
52 0.36875 0.41875 0.06875 0.0296875
43 0.3703125 0.459375 0.065625 0.028125
34 0.3703125 0.5 0.0671875 0.025
35 0.36875 0.5421875 0.0671875 0.0296875
30 0.36875 0.5828125 0.065625 0.0265625
31 0.36875 0.625 0.0671875 0.0296875
29 0.36875 0.66875 0.065625 0.028125
27 0.3703125 0.709375 0.0671875 0.0296875
40 0.5953125 0.5203125 0.0421875 0.0171875
42 0.59375 0.5453125 0.0421875 0.015625
41 0.59375 0.5703125 0.04375 0.0171875
39 0.59375 0.59375 0.04375 0.0171875
38 0.59375 0.6203125 0.04375 0.0171875
36 0.5953125 0.6421875 0.040625 0.0171875
24 0.5953125 0.66875 0.0421875 0.015625
18 0.5953125 0.6921875 0.0421875 0.015625
22 0.7125 0.3890625 0.0234375 0.009375
47 0.7125 0.4140625 0.0234375 0.009375
40 0.7125 0.4390625 0.0234375 0.009375