52 0.7125 0.3890625 0.0234375 0.0109375
53 0.7125 0.4140625 0.025 0.009375
36 0.7125 0.4390625 0.0234375 0.009375
45 0.36875 0.2734375 0.06875 0.028125
44 0.36875 0.315625 0.06875 0.0265625
9 0.36875 0.3578125 0.06875 0.028125
8 0.36875 0.3984375 0.0671875 0.028125
3 0.36875 0.4390625 0.06875 0.0296875
50 0.36875 0.48125 0.06875 0.0296875
29 0.36875 0.5234375 0.06875 0.03125
27 0.36875 0.5640625 0.06875 0.0296875
26 0.36875 0.60625 0.06875 0.0296875
25 0.36875 0.646875 0.06875 0.028125
18 0.36875 0.6875 0.06875 0.028125
20 0.490625 0.4671875 0.05 0.021875
22 0.490625 0.4953125 0.05 0.0203125
28 0.59375 0.6671875 0.0421875 0.0171875
31 0.59375 0.69375 0.04375 0.0203125