22 0.7125 0.3890625 0.0234375 0.009375
47 0.7125 0.4140625 0.0234375 0.009375
40 0.7125 0.4390625 0.025 0.009375
17 0.4890625 0.4828125 0.05 0.0203125
6 0.59375 0.6921875 0.0453125 0.01875
45 0.36875 0.2515625 0.0703125 0.0265625
5 0.36875 0.29375 0.0703125 0.028125
3 0.36875 0.3359375 0.0703125 0.028125
0 0.36875 0.3765625 0.06875 0.028125
52 0.36875 0.4171875 0.06875 0.0296875
43 0.36875 0.459375 0.06875 0.025
34 0.36875 0.5 0.06875 0.028125
35 0.36875 0.5421875 0.06875 0.0296875
30 0.36875 0.5828125 0.06875 0.028125
31 0.36875 0.6234375 0.06875 0.0265625
29 0.36875 0.665625 0.06875 0.028125
27 0.36875 0.7078125 0.06875 0.0296875