51 0.7125 0.3890625 0.0234375 0.0109375
25 0.7125 0.4140625 0.0234375 0.0109375
15 0.7125 0.4390625 0.0234375 0.0109375
34 0.4890625 0.3828125 0.053125 0.0203125
32 0.4890625 0.4109375 0.0515625 0.01875
29 0.4890625 0.4390625 0.0515625 0.01875
28 0.4890625 0.46875 0.0515625 0.0203125
25 0.4890625 0.496875 0.0515625 0.0203125
24 0.4890625 0.5234375 0.0515625 0.01875
21 0.4890625 0.5515625 0.053125 0.01875
20 0.4890625 0.58125 0.053125 0.0203125
15 0.36875 0.3359375 0.06875 0.0296875
14 0.36875 0.378125 0.0703125 0.025
13 0.36875 0.41875 0.06875 0.0265625
7 0.36875 0.4609375 0.0703125 0.0265625
5 0.36875 0.5015625 0.071875 0.0296875
51 0.3671875 0.5421875 0.0703125 0.0296875
50 0.3671875 0.5859375 0.0703125 0.0296875
43 0.3671875 0.6265625 0.0703125 0.028125