36 0.5953125 0.278125 0.040625 0.015625
38 0.59375 0.3015625 0.04375 0.015625
45 0.7125 0.3890625 0.0234375 0.009375
51 0.7125 0.4140625 0.0234375 0.0109375
42 0.7125 0.4390625 0.0234375 0.009375
40 0.490625 0.46875 0.0484375 0.01875
43 0.4890625 0.496875 0.0484375 0.0203125
13 0.36875 0.2046875 0.0671875 0.028125
12 0.36875 0.24375 0.0671875 0.0265625
47 0.36875 0.2859375 0.0640625 0.025
9 0.36875 0.328125 0.065625 0.028125
10 0.3703125 0.36875 0.065625 0.0265625
7 0.36875 0.4109375 0.065625 0.0265625
3 0.36875 0.4515625 0.065625 0.025
0 0.36875 0.49375 0.065625 0.028125
39 0.36875 0.534375 0.065625 0.0234375
33 0.36875 0.575 0.0671875 0.0265625
32 0.36875 0.6171875 0.0640625 0.0265625
34 0.36875 0.659375 0.065625 0.0265625
27 0.36875 0.7015625 0.065625 0.0265625
24 0.3703125 0.7421875 0.0640625 0.0265625
19 0.36875 0.7828125 0.065625 0.025