8 0.7125 0.3890625 0.0234375 0.009375
0 0.7125 0.4140625 0.0234375 0.0109375
28 0.7125 0.4390625 0.0234375 0.009375
54 0.625 0.309375 0.021875 0.046875
9 0.59375 0.5453125 0.046875 0.0171875
4 0.59375 0.5703125 0.046875 0.0171875
0 0.59375 0.5953125 0.046875 0.0171875
52 0.59375 0.61875 0.0453125 0.01875
41 0.59375 0.64375 0.0453125 0.01875
37 0.59375 0.6671875 0.0453125 0.01875
34 0.5953125 0.69375 0.04375 0.0171875
5 0.36875 0.19375 0.071875 0.028125
6 0.36875 0.2359375 0.0703125 0.028125
1 0.36875 0.2765625 0.0703125 0.0296875
3 0.36875 0.3171875 0.06875 0.0265625
2 0.36875 0.359375 0.06875 0.028125
49 0.36875 0.4015625 0.06875 0.028125
50 0.36875 0.4421875 0.06875 0.0296875
40 0.36875 0.484375 0.06875 0.0265625
36 0.3703125 0.525 0.06875 0.0296875
32 0.3703125 0.565625 0.0671875 0.0265625
35 0.3703125 0.60625 0.06875 0.028125
25 0.36875 0.6484375 0.0671875 0.028125
27 0.36875 0.690625 0.06875 0.028125
23 0.36875 0.73125 0.0703125 0.028125
22 0.36875 0.7734375 0.0703125 0.028125
19 0.36875 0.8140625 0.0703125 0.028125