52 0.7125 0.3890625 0.0234375 0.0109375
22 0.7125 0.4140625 0.0234375 0.0109375
47 0.7125 0.4390625 0.0234375 0.009375
39 0.59375 0.278125 0.04375 0.0171875
35 0.59375 0.3015625 0.04375 0.0171875
31 0.59375 0.3265625 0.04375 0.0171875
25 0.59375 0.3515625 0.0453125 0.0171875
22 0.59375 0.375 0.0453125 0.01875
19 0.59375 0.4 0.0453125 0.0171875
14 0.36875 0.1796875 0.0671875 0.0265625
44 0.36875 0.2203125 0.0671875 0.0265625
45 0.3703125 0.2625 0.0671875 0.028125
6 0.3703125 0.3046875 0.0671875 0.0265625
5 0.3703125 0.3453125 0.0671875 0.0296875
7 0.3703125 0.3875 0.06875 0.028125
1 0.36875 0.4296875 0.0671875 0.028125
49 0.36875 0.4703125 0.06875 0.0296875
42 0.36875 0.5125 0.06875 0.0296875
36 0.36875 0.553125 0.06875 0.028125
37 0.3703125 0.59375 0.0671875 0.0265625
33 0.36875 0.6359375 0.06875 0.028125
28 0.36875 0.6765625 0.06875 0.0265625
24 0.36875 0.7203125 0.0671875 0.028125
20 0.36875 0.7609375 0.06875 0.028125
18 0.3703125 0.8 0.0671875 0.028125
16 0.3703125 0.8421875 0.0671875 0.028125