51 0.7125 0.3890625 0.0234375 0.0109375
25 0.7125 0.4140625 0.0234375 0.009375
15 0.7125 0.4390625 0.0234375 0.0109375
12 0.5953125 0.278125 0.04375 0.0171875
48 0.375 0.1796875 0.0796875 0.0234375
15 0.36875 0.221875 0.0703125 0.025
14 0.36875 0.2625 0.0703125 0.0265625
13 0.36875 0.3046875 0.0703125 0.0265625
7 0.36875 0.346875 0.0703125 0.0296875
5 0.3671875 0.3875 0.0703125 0.0265625
51 0.36875 0.4296875 0.0703125 0.0296875
50 0.36875 0.4703125 0.0703125 0.0296875
43 0.36875 0.5125 0.0703125 0.028125
34 0.36875 0.553125 0.0703125 0.0296875
32 0.3671875 0.5953125 0.0703125 0.028125
29 0.3671875 0.6359375 0.0703125 0.0265625
28 0.3671875 0.6765625 0.0703125 0.0265625
25 0.36875 0.71875 0.0703125 0.028125
24 0.36875 0.759375 0.0703125 0.0265625
21 0.36875 0.8015625 0.0703125 0.028125
20 0.36875 0.8421875 0.0703125 0.0265625
54 0.625 0.6984375 0.025 0.046875