27 0.7125 0.3890625 0.0234375 0.009375
9 0.7125 0.4140625 0.0234375 0.009375
3 0.7125 0.4390625 0.0234375 0.009375
53 0.3609375 0.271875 0.084375 0.0234375
46 0.36875 0.315625 0.0703125 0.0265625
47 0.36875 0.35625 0.0703125 0.0296875
8 0.36875 0.3984375 0.0703125 0.0296875
42 0.36875 0.4390625 0.0703125 0.0296875
36 0.36875 0.48125 0.06875 0.0296875
35 0.36875 0.5234375 0.06875 0.0296875
31 0.36875 0.565625 0.06875 0.03125
25 0.36875 0.60625 0.0703125 0.0296875
18 0.36875 0.646875 0.06875 0.028125
19 0.36875 0.6875 0.0703125 0.0265625
9 0.59375 0.6921875 0.046875 0.0203125