15 0.36875 0.1796875 0.0671875 0.028125
13 0.36875 0.2203125 0.06875 0.0265625
47 0.36875 0.2625 0.06875 0.0265625
7 0.36875 0.3046875 0.0703125 0.028125
6 0.36875 0.3453125 0.06875 0.0265625
49 0.36875 0.3875 0.06875 0.0296875
52 0.36875 0.428125 0.06875 0.0296875
51 0.36875 0.4703125 0.06875 0.028125
42 0.36875 0.5109375 0.0671875 0.0265625
32 0.3703125 0.553125 0.06875 0.028125
35 0.36875 0.59375 0.0671875 0.028125
28 0.36875 0.6359375 0.0671875 0.0265625
31 0.36875 0.678125 0.06875 0.0296875
30 0.36875 0.71875 0.0671875 0.028125
20 0.36875 0.759375 0.06875 0.0265625
18 0.36875 0.8015625 0.0671875 0.025
17 0.36875 0.84375 0.06875 0.028125
9 0.7125 0.3890625 0.0234375 0.009375
16 0.7125 0.4140625 0.0234375 0.0078125
22 0.7125 0.4390625 0.0234375 0.0109375