35 0.7125 0.3890625 0.0234375 0.0109375
19 0.7125 0.4140625 0.0234375 0.009375
42 0.7125 0.4390625 0.0234375 0.0109375
40 0.5953125 0.2765625 0.04375 0.01875
43 0.59375 0.303125 0.04375 0.01875
53 0.3609375 0.178125 0.0828125 0.025
15 0.36875 0.221875 0.06875 0.0265625
14 0.36875 0.2640625 0.06875 0.028125
12 0.36875 0.3046875 0.06875 0.028125
47 0.36875 0.3453125 0.06875 0.028125
44 0.36875 0.3875 0.06875 0.028125
7 0.3828125 0.428125 0.0703125 0.0296875
4 0.384375 0.471875 0.0703125 0.03125
1 0.3671875 0.5109375 0.071875 0.028125
50 0.3671875 0.553125 0.071875 0.03125
39 0.3671875 0.5953125 0.071875 0.028125
32 0.36875 0.6359375 0.071875 0.0296875
31 0.3671875 0.678125 0.071875 0.03125
30 0.36875 0.7203125 0.071875 0.028125
25 0.36875 0.7609375 0.071875 0.0296875
18 0.36875 0.803125 0.071875 0.028125
17 0.36875 0.84375 0.071875 0.0265625
27 0.59375 0.66875 0.0453125 0.0171875
26 0.5953125 0.69375 0.0453125 0.0171875