50 0.7125 0.3890625 0.0234375 0.0109375
33 0.7125 0.4140625 0.0234375 0.0109375
45 0.7125 0.4390625 0.0234375 0.0109375
45 0.59375 0.2765625 0.0453125 0.0171875
46 0.59375 0.303125 0.0453125 0.015625
10 0.59375 0.3265625 0.0453125 0.01875
11 0.59375 0.3515625 0.0453125 0.01875
6 0.59375 0.3765625 0.0453125 0.01875
7 0.59375 0.4 0.0453125 0.01875
30 0.59375 0.5703125 0.0453125 0.0171875
29 0.59375 0.5953125 0.0453125 0.0171875
27 0.59375 0.6203125 0.0453125 0.0171875
26 0.59375 0.6453125 0.0453125 0.01875
21 0.59375 0.66875 0.046875 0.015625
20 0.5953125 0.6921875 0.046875 0.01875
17 0.4890625 0.553125 0.0515625 0.01875
18 0.4890625 0.525 0.053125 0.0203125
23 0.4890625 0.4953125 0.053125 0.021875
22 0.4890625 0.4671875 0.053125 0.0203125
25 0.4875 0.4390625 0.0546875 0.0203125
24 0.4875 0.4109375 0.0546875 0.021875
0 0.3703125 0.3953125 0.06875 0.0265625
1 0.36875 0.4390625 0.06875 0.028125
3 0.36875 0.4796875 0.06875 0.0296875
34 0.36875 0.5203125 0.06875 0.03125
32 0.36875 0.5625 0.06875 0.0296875