54 0.434375 0.23125 0.0234375 0.046875
54 0.6265625 0.309375 0.025 0.046875
45 0.36875 0.3140625 0.06875 0.0265625
44 0.36875 0.3578125 0.06875 0.025
3 0.3671875 0.3984375 0.06875 0.0296875
50 0.36875 0.440625 0.071875 0.0296875
29 0.3671875 0.4828125 0.06875 0.028125
27 0.3671875 0.5234375 0.071875 0.0296875
26 0.36875 0.5640625 0.06875 0.028125
25 0.36875 0.60625 0.06875 0.028125
18 0.36875 0.6484375 0.06875 0.028125
52 0.7125 0.3890625 0.0234375 0.009375
53 0.7125 0.4140625 0.025 0.0078125
36 0.7125 0.4390625 0.021875 0.009375