54 0.6265625 0.309375 0.021875 0.0453125
53 0.7125 0.3890625 0.025 0.0078125
33 0.7125 0.4140625 0.0234375 0.009375
7 0.7125 0.4390625 0.0234375 0.0109375
53 0.3609375 0.178125 0.0796875 0.0203125
12 0.36875 0.221875 0.065625 0.0234375
46 0.384375 0.2625 0.0671875 0.025
45 0.3828125 0.3046875 0.0671875 0.028125
5 0.36875 0.3453125 0.06875 0.0265625
52 0.38125 0.3875 0.071875 0.028125
49 0.3828125 0.428125 0.06875 0.0296875
50 0.3828125 0.4703125 0.065625 0.028125
39 0.3671875 0.5109375 0.06875 0.0234375
36 0.36875 0.553125 0.065625 0.0265625
38 0.36875 0.5953125 0.0640625 0.0265625
31 0.36875 0.6359375 0.065625 0.025
28 0.36875 0.6765625 0.065625 0.025
30 0.36875 0.71875 0.065625 0.0296875
29 0.36875 0.759375 0.0640625 0.025
20 0.3703125 0.8015625 0.0640625 0.028125
18 0.36875 0.84375 0.0625 0.028125
41 0.59375 0.59375 0.04375 0.0171875
43 0.59375 0.61875 0.04375 0.0171875
42 0.5953125 0.64375 0.04375 0.0171875
16 0.5953125 0.66875 0.0421875 0.0171875
19 0.59375 0.6921875 0.04375 0.015625