48 0.3609375 0.1796875 0.0796875 0.0234375
14 0.36875 0.221875 0.06875 0.0265625
44 0.36875 0.2625 0.065625 0.0265625
47 0.36875 0.3046875 0.06875 0.025
11 0.36875 0.346875 0.06875 0.028125
5 0.36875 0.3875 0.065625 0.0234375
6 0.3703125 0.428125 0.065625 0.025
4 0.3703125 0.4703125 0.065625 0.0296875
7 0.3703125 0.5125 0.0640625 0.028125
2 0.3703125 0.553125 0.065625 0.028125
51 0.36875 0.59375 0.065625 0.0296875
49 0.3703125 0.6359375 0.065625 0.0296875
39 0.36875 0.678125 0.065625 0.028125
28 0.36875 0.7171875 0.065625 0.028125
23 0.36875 0.7625 0.0671875 0.03125
17 0.36875 0.8015625 0.0671875 0.0265625
16 0.36875 0.84375 0.065625 0.028125