42 0.7125 0.3890625 0.0234375 0.009375
30 0.7125 0.4140625 0.0234375 0.009375
20 0.7125 0.4390625 0.0234375 0.009375
54 0.625 0.309375 0.0234375 0.0453125
15 0.59375 0.69375 0.04375 0.0171875
48 0.375 0.2015625 0.0796875 0.021875
47 0.3703125 0.2453125 0.06875 0.025
11 0.36875 0.2875 0.0671875 0.028125
5 0.36875 0.328125 0.0703125 0.0265625
6 0.36875 0.3703125 0.0703125 0.0296875
4 0.36875 0.4125 0.071875 0.0265625
7 0.36875 0.453125 0.0703125 0.028125
2 0.3671875 0.49375 0.0703125 0.028125
49 0.36875 0.5359375 0.0703125 0.028125
42 0.36875 0.5765625 0.0703125 0.0296875
39 0.3671875 0.6203125 0.0703125 0.028125
30 0.36875 0.659375 0.0703125 0.025
28 0.3671875 0.7015625 0.0703125 0.0296875
20 0.36875 0.7421875 0.0703125 0.0296875
23 0.3671875 0.784375 0.0703125 0.0265625