38 0.7125 0.3890625 0.0234375 0.009375
5 0.7125 0.4140625 0.0234375 0.009375
24 0.7125 0.4390625 0.0234375 0.009375
24 0.5953125 0.278125 0.0421875 0.0171875
27 0.5953125 0.303125 0.04375 0.0171875
53 0.3609375 0.178125 0.0796875 0.0234375
15 0.3671875 0.221875 0.071875 0.0265625
12 0.3671875 0.2625 0.071875 0.025
6 0.3671875 0.30625 0.071875 0.0296875
7 0.3671875 0.346875 0.071875 0.028125
5 0.36875 0.3875 0.0703125 0.0265625
2 0.3671875 0.428125 0.0703125 0.028125
51 0.36875 0.4703125 0.0703125 0.0296875
42 0.3671875 0.5125 0.0703125 0.03125
43 0.3671875 0.5546875 0.071875 0.028125
36 0.3671875 0.59375 0.071875 0.0265625
35 0.3828125 0.6359375 0.0671875 0.0296875
32 0.384375 0.678125 0.06875 0.028125
33 0.36875 0.7171875 0.0671875 0.028125
25 0.36875 0.759375 0.0671875 0.028125
22 0.3703125 0.8015625 0.06875 0.0265625
16 0.3703125 0.8421875 0.0671875 0.0265625