48 0.7125 0.3890625 0.025 0.009375
19 0.7125 0.4140625 0.0234375 0.009375
39 0.7125 0.4390625 0.0234375 0.009375
32 0.490625 0.425 0.05 0.01875
31 0.490625 0.453125 0.0515625 0.01875
24 0.490625 0.4828125 0.05 0.01875
20 0.490625 0.5109375 0.0484375 0.01875
19 0.490625 0.5390625 0.05 0.0203125
45 0.59375 0.5953125 0.0453125 0.01875
8 0.59375 0.61875 0.04375 0.0171875
7 0.5953125 0.64375 0.0453125 0.0171875
1 0.59375 0.66875 0.04375 0.0171875
49 0.5953125 0.69375 0.04375 0.01875
48 0.3609375 0.203125 0.0796875 0.021875
53 0.3609375 0.24375 0.0796875 0.021875
15 0.36875 0.2875 0.065625 0.025
46 0.36875 0.328125 0.06875 0.0265625
9 0.36875 0.36875 0.06875 0.0265625
11 0.36875 0.4109375 0.06875 0.0265625
5 0.36875 0.4515625 0.06875 0.028125
6 0.36875 0.49375 0.0703125 0.028125
4 0.36875 0.5359375 0.06875 0.028125
2 0.36875 0.5765625 0.0671875 0.0265625
50 0.36875 0.61875 0.0671875 0.028125
39 0.36875 0.659375 0.0671875 0.028125
36 0.36875 0.7 0.0671875 0.025
30 0.36875 0.7421875 0.0671875 0.025
17 0.36875 0.7828125 0.065625 0.025