22 0.5703125 0.4109375 0.04375 0.0171875
14 0.36875 0.1796875 0.065625 0.025
15 0.36875 0.221875 0.065625 0.0265625
45 0.36875 0.2609375 0.06875 0.0265625
10 0.36875 0.30625 0.0671875 0.025
8 0.3703125 0.3453125 0.0671875 0.0265625
5 0.36875 0.3875 0.065625 0.0265625
3 0.36875 0.428125 0.0671875 0.0265625
0 0.3703125 0.4703125 0.065625 0.025
52 0.36875 0.5109375 0.0671875 0.0296875
43 0.36875 0.553125 0.0671875 0.0265625
34 0.3703125 0.59375 0.0671875 0.0265625
35 0.36875 0.6359375 0.065625 0.028125
30 0.3703125 0.6765625 0.0671875 0.0234375
31 0.36875 0.7171875 0.0640625 0.0265625
29 0.3703125 0.759375 0.065625 0.0265625
27 0.3703125 0.8015625 0.06875 0.0265625
17 0.36875 0.8421875 0.0671875 0.028125