35 0.7125 0.3890625 0.0234375 0.009375
10 0.7125 0.4140625 0.0234375 0.0109375
11 0.7125 0.4390625 0.0234375 0.009375
16 0.36875 0.7859375 0.0703125 0.03125
34 0.3671875 0.74375 0.071875 0.03125
36 0.3671875 0.7015625 0.071875 0.0296875
49 0.3671875 0.659375 0.071875 0.0296875
50 0.3671875 0.61875 0.0734375 0.03125
2 0.3671875 0.5765625 0.0734375 0.0296875
0 0.3671875 0.5359375 0.071875 0.03125
6 0.3671875 0.4953125 0.0734375 0.0328125
5 0.3671875 0.453125 0.0734375 0.0296875
10 0.3671875 0.4109375 0.0734375 0.03125
11 0.3671875 0.3703125 0.0734375 0.0296875
44 0.3671875 0.3296875 0.0734375 0.0296875
15 0.365625 0.2875 0.0734375 0.0296875
53 0.3609375 0.24375 0.08125 0.025
48 0.359375 0.2015625 0.08125 0.025
43 0.4890625 0.4265625 0.053125 0.0203125
39 0.4890625 0.4546875 0.0515625 0.0203125
35 0.4890625 0.4828125 0.0515625 0.0203125
30 0.4890625 0.5109375 0.0515625 0.01875
24 0.4890625 0.540625 0.0515625 0.021875