13 0.7125 0.3890625 0.0234375 0.009375
7 0.7125 0.4140625 0.0234375 0.0109375
28 0.7125 0.4390625 0.0234375 0.009375
0 0.5953125 0.5453125 0.04375 0.0171875
50 0.59375 0.5703125 0.04375 0.01875
42 0.59375 0.59375 0.04375 0.0171875
37 0.59375 0.61875 0.04375 0.01875
32 0.5953125 0.64375 0.04375 0.0171875
29 0.5953125 0.66875 0.04375 0.015625
26 0.5953125 0.6921875 0.04375 0.0171875
53 0.3609375 0.2921875 0.0796875 0.0203125
12 0.3703125 0.334375 0.0671875 0.0234375
47 0.3703125 0.3765625 0.0671875 0.0265625
9 0.36875 0.4171875 0.0671875 0.028125
6 0.3703125 0.459375 0.0671875 0.028125
2 0.3703125 0.5 0.0671875 0.028125
49 0.3703125 0.5421875 0.0671875 0.028125
41 0.3703125 0.5828125 0.065625 0.028125
39 0.3703125 0.6234375 0.0671875 0.0265625
34 0.36875 0.665625 0.065625 0.0265625