48 0.359375 0.178125 0.078125 0.0203125
12 0.36875 0.221875 0.065625 0.025
46 0.36875 0.2609375 0.06875 0.025
45 0.36875 0.303125 0.0671875 0.0234375
5 0.36875 0.346875 0.06875 0.0265625
52 0.36875 0.3875 0.0671875 0.03125
49 0.36875 0.4296875 0.0671875 0.028125
50 0.36875 0.4703125 0.0671875 0.0265625
39 0.36875 0.5125 0.0671875 0.028125
36 0.36875 0.553125 0.065625 0.028125
38 0.36875 0.59375 0.065625 0.0296875
31 0.36875 0.6359375 0.065625 0.025
28 0.3703125 0.6765625 0.0625 0.0265625
30 0.36875 0.71875 0.0640625 0.025
29 0.36875 0.7609375 0.0640625 0.025
20 0.3703125 0.8015625 0.0640625 0.028125
18 0.36875 0.8421875 0.065625 0.028125