45 0.7125 0.3890625 0.0234375 0.009375
51 0.7125 0.4140625 0.0234375 0.0109375
42 0.7125 0.4390625 0.0234375 0.009375
44 0.59375 0.2765625 0.04375 0.0171875
8 0.5953125 0.3015625 0.04375 0.0171875
4 0.5953125 0.3265625 0.04375 0.0171875
2 0.5953125 0.3515625 0.04375 0.01875
49 0.5953125 0.375 0.04375 0.0171875
6 0.59375 0.59375 0.0453125 0.01875
1 0.5953125 0.61875 0.04375 0.0171875
52 0.5953125 0.64375 0.04375 0.01875
41 0.5953125 0.66875 0.04375 0.01875
37 0.5953125 0.69375 0.04375 0.01875
39 0.3703125 0.6046875 0.06875 0.028125
0 0.36875 0.5640625 0.06875 0.0296875
3 0.36875 0.521875 0.06875 0.03125
7 0.36875 0.4796875 0.06875 0.0296875
10 0.36875 0.4390625 0.0671875 0.028125
9 0.36875 0.396875 0.06875 0.0296875
47 0.36875 0.35625 0.06875 0.028125