52 0.7125 0.3890625 0.0234375 0.0109375
22 0.7125 0.4140625 0.0234375 0.0109375
47 0.7125 0.4390625 0.0234375 0.0109375
54 0.4328125 0.23125 0.0234375 0.0453125
3 0.59375 0.66875 0.04375 0.01875
2 0.5953125 0.69375 0.04375 0.01875
14 0.3703125 0.253125 0.0671875 0.028125
7 0.36875 0.29375 0.0671875 0.0265625
1 0.36875 0.334375 0.0671875 0.0265625
49 0.36875 0.378125 0.0671875 0.0296875
42 0.36875 0.4171875 0.0671875 0.028125
37 0.36875 0.459375 0.06875 0.0265625
33 0.36875 0.5 0.06875 0.028125
28 0.36875 0.5421875 0.06875 0.028125
24 0.36875 0.584375 0.0671875 0.0296875
20 0.36875 0.625 0.06875 0.025
18 0.36875 0.6640625 0.0671875 0.025
16 0.36875 0.7078125 0.0671875 0.0265625