54 0.4328125 0.23125 0.0234375 0.046875
54 0.625 0.309375 0.025 0.046875
53 0.359375 0.178125 0.0796875 0.021875
46 0.36875 0.221875 0.0671875 0.0265625
47 0.36875 0.2625 0.06875 0.0265625
8 0.36875 0.303125 0.0671875 0.0265625
6 0.36875 0.346875 0.0671875 0.025
4 0.36875 0.3875 0.065625 0.025
7 0.36875 0.428125 0.06875 0.0265625
0 0.36875 0.4703125 0.065625 0.0265625
42 0.36875 0.5109375 0.065625 0.028125
37 0.36875 0.553125 0.065625 0.028125
36 0.3703125 0.59375 0.0625 0.0265625
34 0.36875 0.6359375 0.065625 0.0265625
35 0.36875 0.678125 0.065625 0.0296875
31 0.36875 0.7203125 0.065625 0.0296875
25 0.36875 0.7609375 0.0671875 0.028125
18 0.36875 0.8015625 0.065625 0.0265625
19 0.36875 0.84375 0.065625 0.028125
27 0.7125 0.3890625 0.0234375 0.009375
9 0.7125 0.4140625 0.0234375 0.009375
3 0.7125 0.4390625 0.0234375 0.0109375