33 0.7125 0.3890625 0.0234375 0.009375
46 0.7125 0.4140625 0.0234375 0.009375
12 0.7125 0.4390625 0.0234375 0.009375
6 0.5953125 0.278125 0.04375 0.0171875
0 0.5953125 0.3015625 0.0421875 0.0171875
49 0.5953125 0.3265625 0.04375 0.01875
41 0.5953125 0.3515625 0.0421875 0.0171875
36 0.5953125 0.375 0.0421875 0.0171875
33 0.5953125 0.4 0.04375 0.0171875
54 0.4328125 0.23125 0.0234375 0.0484375
48 0.3609375 0.1796875 0.0796875 0.021875
14 0.36875 0.221875 0.065625 0.025
13 0.36875 0.2640625 0.0671875 0.028125
15 0.36875 0.303125 0.065625 0.0265625
10 0.36875 0.3453125 0.065625 0.025
2 0.36875 0.3859375 0.0671875 0.025
51 0.36875 0.4296875 0.0671875 0.0296875
40 0.36875 0.4703125 0.0671875 0.028125
38 0.36875 0.5109375 0.065625 0.028125
37 0.36875 0.5515625 0.065625 0.0265625
32 0.36875 0.59375 0.0671875 0.025
35 0.36875 0.634375 0.06875 0.0265625
30 0.36875 0.678125 0.06875 0.0265625
26 0.36875 0.71875 0.06875 0.0265625
25 0.36875 0.7609375 0.0703125 0.025
27 0.36875 0.8015625 0.06875 0.028125
21 0.36875 0.84375 0.06875 0.0296875