22 0.7125 0.3890625 0.025 0.009375
47 0.7125 0.4140625 0.0234375 0.009375
40 0.7125 0.4390625 0.0234375 0.009375
15 0.4890625 0.4671875 0.0515625 0.0203125
14 0.4890625 0.496875 0.05 0.0203125
54 0.625 0.6984375 0.0234375 0.0453125
45 0.36875 0.23125 0.06875 0.028125
5 0.36875 0.2734375 0.06875 0.03125
3 0.36875 0.3140625 0.06875 0.028125
0 0.36875 0.35625 0.06875 0.0296875
52 0.36875 0.396875 0.06875 0.0296875
43 0.36875 0.4390625 0.06875 0.0296875
34 0.36875 0.4796875 0.0671875 0.028125
35 0.36875 0.521875 0.0671875 0.028125
30 0.36875 0.5625 0.06875 0.0265625
31 0.36875 0.6046875 0.06875 0.03125
29 0.36875 0.646875 0.06875 0.028125
27 0.36875 0.6875 0.06875 0.028125
17 0.36875 0.7296875 0.06875 0.028125