33 0.7125 0.3890625 0.025 0.009375
46 0.7125 0.4140625 0.0234375 0.009375
12 0.7125 0.4390625 0.0234375 0.009375
46 0.59375 0.278125 0.0453125 0.0171875
45 0.59375 0.3015625 0.04375 0.015625
47 0.59375 0.3265625 0.04375 0.0171875
12 0.59375 0.3515625 0.0453125 0.0171875
48 0.3609375 0.178125 0.0796875 0.0203125
14 0.384375 0.2203125 0.0671875 0.025
13 0.384375 0.2609375 0.065625 0.025
15 0.384375 0.3046875 0.0671875 0.0265625
10 0.384375 0.346875 0.0671875 0.0296875
2 0.3703125 0.3859375 0.06875 0.0265625
51 0.3703125 0.428125 0.06875 0.028125
40 0.36875 0.46875 0.0671875 0.025
38 0.36875 0.5109375 0.06875 0.0265625
37 0.36875 0.5515625 0.06875 0.028125
32 0.36875 0.59375 0.06875 0.0265625
35 0.36875 0.6359375 0.06875 0.0265625
30 0.36875 0.6765625 0.0671875 0.0265625
26 0.36875 0.7171875 0.0671875 0.0265625
25 0.36875 0.7578125 0.06875 0.028125
27 0.36875 0.8 0.06875 0.025
21 0.36875 0.8421875 0.06875 0.0296875
31 0.59375 0.61875 0.04375 0.0171875
28 0.59375 0.64375 0.04375 0.015625
29 0.59375 0.6671875 0.04375 0.0171875
23 0.59375 0.6921875 0.04375 0.0171875