52 0.7125 0.3890625 0.0234375 0.0109375
22 0.7125 0.4140625 0.0234375 0.0109375
47 0.7125 0.4390625 0.0234375 0.009375
27 0.59375 0.278125 0.04375 0.01875
26 0.59375 0.303125 0.04375 0.0171875
14 0.36875 0.1921875 0.0671875 0.025
44 0.384375 0.234375 0.065625 0.0265625
45 0.384375 0.275 0.0671875 0.0265625
6 0.36875 0.3171875 0.06875 0.0265625
5 0.36875 0.3578125 0.06875 0.0265625
7 0.36875 0.4 0.06875 0.028125
1 0.36875 0.4421875 0.06875 0.028125
49 0.36875 0.4828125 0.06875 0.028125
42 0.36875 0.5234375 0.06875 0.028125
37 0.36875 0.565625 0.06875 0.028125
33 0.36875 0.60625 0.0703125 0.0265625
28 0.36875 0.6484375 0.06875 0.028125
24 0.36875 0.690625 0.06875 0.028125
20 0.36875 0.73125 0.06875 0.0265625
18 0.36875 0.7734375 0.06875 0.0265625
16 0.36875 0.8140625 0.06875 0.0265625
21 0.59375 0.6671875 0.0453125 0.0171875
23 0.59375 0.6921875 0.0453125 0.0171875