46 0.7125 0.3890625 0.0234375 0.0109375
3 0.7125 0.4140625 0.0234375 0.0109375
10 0.7125 0.4390625 0.0234375 0.0109375
54 0.625 0.3078125 0.0234375 0.0484375
47 0.59375 0.5453125 0.046875 0.01875
10 0.59375 0.5703125 0.046875 0.0171875
7 0.59375 0.5953125 0.046875 0.01875
2 0.59375 0.6203125 0.046875 0.01875
51 0.59375 0.64375 0.046875 0.01875
43 0.59375 0.66875 0.046875 0.0171875
36 0.59375 0.6921875 0.046875 0.01875
53 0.3609375 0.2015625 0.08125 0.025
14 0.36875 0.24375 0.0703125 0.028125
11 0.36875 0.2875 0.0703125 0.0296875
4 0.36875 0.328125 0.071875 0.028125
6 0.36875 0.3703125 0.071875 0.0296875
5 0.36875 0.4109375 0.071875 0.03125
49 0.36875 0.453125 0.071875 0.0296875
52 0.3671875 0.49375 0.071875 0.03125
50 0.3671875 0.5359375 0.0734375 0.03125
40 0.3671875 0.578125 0.071875 0.03125
32 0.3671875 0.61875 0.0734375 0.0296875
35 0.3671875 0.659375 0.0734375 0.0296875
22 0.3671875 0.7015625 0.0734375 0.03125
23 0.3671875 0.74375 0.075 0.03125
17 0.3671875 0.784375 0.075 0.028125