54 0.665625 0.403125 0.025 0.0453125
48 0.3609375 0.1796875 0.0796875 0.0234375
12 0.36875 0.2203125 0.0671875 0.0265625
47 0.36875 0.2625 0.0671875 0.028125
46 0.36875 0.3046875 0.0671875 0.025
44 0.3703125 0.3453125 0.0671875 0.028125
11 0.36875 0.3875 0.06875 0.0265625
9 0.36875 0.428125 0.0671875 0.0265625
8 0.36875 0.4703125 0.0671875 0.0265625
5 0.3703125 0.5125 0.0671875 0.028125
4 0.3703125 0.553125 0.065625 0.0265625
51 0.36875 0.5953125 0.065625 0.0265625
43 0.36875 0.6359375 0.0671875 0.028125
42 0.36875 0.6765625 0.0671875 0.028125
40 0.36875 0.71875 0.065625 0.0265625
32 0.36875 0.759375 0.0671875 0.0265625
27 0.3703125 0.8015625 0.065625 0.0265625
20 0.3703125 0.84375 0.065625 0.028125