45 0.7125 0.3890625 0.0234375 0.009375
51 0.7125 0.4140625 0.0234375 0.0109375
42 0.7125 0.4390625 0.0234375 0.009375
23 0.596875 0.5171875 0.053125 0.0203125
22 0.5953125 0.54375 0.046875 0.01875
20 0.59375 0.5703125 0.040625 0.015625
18 0.59375 0.5953125 0.0390625 0.015625
16 0.59375 0.61875 0.0421875 0.015625
17 0.59375 0.6421875 0.0421875 0.0171875
51 0.59375 0.66875 0.0421875 0.01875
42 0.59375 0.69375 0.04375 0.015625
13 0.36875 0.1796875 0.06875 0.0265625
12 0.36875 0.221875 0.0671875 0.0265625
47 0.36875 0.2625 0.06875 0.028125
9 0.36875 0.3046875 0.06875 0.0265625
10 0.36875 0.3453125 0.0671875 0.0265625
7 0.36875 0.3875 0.0671875 0.0265625
3 0.36875 0.4296875 0.06875 0.028125
0 0.36875 0.4703125 0.0671875 0.0265625
43 0.36875 0.5125 0.0671875 0.028125
40 0.36875 0.553125 0.065625 0.025
39 0.36875 0.59375 0.0671875 0.025
33 0.36875 0.634375 0.06875 0.0265625
32 0.36875 0.6765625 0.0671875 0.0265625
34 0.36875 0.71875 0.065625 0.028125
27 0.3703125 0.7609375 0.065625 0.0296875
24 0.3703125 0.8015625 0.065625 0.0265625
19 0.36875 0.84375 0.065625 0.025