34 0.7125 0.3890625 0.0234375 0.009375
28 0.7125 0.4140625 0.0234375 0.009375
1 0.7125 0.4390625 0.021875 0.009375
15 0.36875 0.2328125 0.0671875 0.028125
46 0.3703125 0.271875 0.065625 0.0265625
10 0.3703125 0.3140625 0.0671875 0.028125
9 0.3703125 0.3546875 0.06875 0.0265625
52 0.36875 0.396875 0.0671875 0.0296875
42 0.36875 0.4390625 0.0671875 0.028125
38 0.36875 0.4796875 0.065625 0.025
30 0.36875 0.5203125 0.065625 0.0265625
26 0.3703125 0.5625 0.065625 0.0265625
25 0.3703125 0.603125 0.065625 0.025
22 0.3703125 0.6453125 0.065625 0.028125
21 0.384375 0.6875 0.0671875 0.0296875
17 0.36875 0.728125 0.0671875 0.0265625