38 0.7125 0.3890625 0.0234375 0.009375
9 0.7125 0.4140625 0.0234375 0.009375
24 0.7125 0.4390625 0.0234375 0.009375
53 0.3609375 0.271875 0.0796875 0.0203125
6 0.36875 0.315625 0.06875 0.025
7 0.3703125 0.35625 0.06875 0.0265625
5 0.36875 0.396875 0.0671875 0.025
2 0.36875 0.4390625 0.065625 0.0265625
51 0.36875 0.48125 0.0671875 0.028125
42 0.36875 0.521875 0.0671875 0.025
43 0.36875 0.5640625 0.0671875 0.0265625
36 0.36875 0.6046875 0.065625 0.0265625
35 0.36875 0.6453125 0.0671875 0.028125
22 0.36875 0.6875 0.0671875 0.0265625
15 0.4890625 0.4828125 0.053125 0.01875
54 0.625 0.6984375 0.0234375 0.0453125