15 0.3671875 0.1921875 0.0671875 0.0296875
44 0.3671875 0.2359375 0.06875 0.0296875
3 0.36875 0.2765625 0.0703125 0.0265625
1 0.36875 0.3171875 0.0703125 0.025
35 0.36875 0.359375 0.0703125 0.0265625
34 0.3671875 0.4 0.0703125 0.025
33 0.36875 0.4421875 0.0703125 0.0265625
30 0.36875 0.484375 0.06875 0.0296875
28 0.36875 0.525 0.06875 0.0265625
26 0.36875 0.5671875 0.06875 0.028125
25 0.36875 0.6078125 0.06875 0.028125
23 0.36875 0.65 0.06875 0.0296875
22 0.36875 0.690625 0.06875 0.0296875
19 0.36875 0.7328125 0.06875 0.028125
18 0.36875 0.771875 0.06875 0.028125
17 0.36875 0.815625 0.06875 0.028125
46 0.59375 0.278125 0.0453125 0.0171875
10 0.59375 0.303125 0.0453125 0.0171875
4 0.5953125 0.3265625 0.0453125 0.01875
0 0.59375 0.3515625 0.04375 0.0171875
50 0.5953125 0.3765625 0.04375 0.0203125
40 0.5953125 0.4015625 0.04375 0.0171875
13 0.7125 0.3890625 0.0234375 0.0109375
5 0.7125 0.4140625 0.025 0.0109375
51 0.7125 0.4390625 0.0234375 0.0109375