34 0.7125 0.3890625 0.0234375 0.009375
28 0.7125 0.4140625 0.0234375 0.009375
1 0.7125 0.4390625 0.0234375 0.009375
54 0.625 0.6984375 0.025 0.0453125
46 0.490625 0.48125 0.0515625 0.0203125
15 0.36875 0.29375 0.06875 0.0296875
10 0.36875 0.334375 0.06875 0.0265625
9 0.36875 0.3765625 0.06875 0.0265625
52 0.36875 0.4171875 0.06875 0.0296875
42 0.3671875 0.459375 0.06875 0.028125
38 0.36875 0.5015625 0.06875 0.0296875
30 0.36875 0.5421875 0.06875 0.0265625
26 0.36875 0.5828125 0.06875 0.025
25 0.36875 0.625 0.0703125 0.0265625
17 0.36875 0.665625 0.0703125 0.0265625