22 0.7125 0.3890625 0.0234375 0.009375
47 0.7125 0.4140625 0.0234375 0.009375
40 0.7125 0.4390625 0.025 0.009375
53 0.5921875 0.2765625 0.0484375 0.0125
45 0.36875 0.2515625 0.06875 0.0265625
5 0.36875 0.29375 0.06875 0.0265625
3 0.36875 0.3359375 0.06875 0.028125
0 0.36875 0.378125 0.06875 0.0296875
52 0.36875 0.41875 0.06875 0.028125
43 0.36875 0.459375 0.06875 0.028125
34 0.36875 0.5015625 0.06875 0.028125
35 0.36875 0.5421875 0.06875 0.028125
30 0.36875 0.584375 0.06875 0.028125
31 0.36875 0.625 0.06875 0.0265625
29 0.36875 0.665625 0.06875 0.0296875
27 0.36875 0.709375 0.06875 0.03125
12 0.5953125 0.6921875 0.04375 0.01875