22 0.7125 0.3890625 0.025 0.009375
47 0.7125 0.4140625 0.0234375 0.009375
40 0.7125 0.4390625 0.0234375 0.009375
54 0.625 0.309375 0.0234375 0.0453125
1 0.59375 0.6671875 0.0453125 0.0171875
2 0.59375 0.6921875 0.0453125 0.0171875
14 0.384375 0.18125 0.0671875 0.0265625
15 0.384375 0.2203125 0.0671875 0.028125
45 0.36875 0.2625 0.0671875 0.0265625
10 0.36875 0.303125 0.06875 0.0265625
8 0.36875 0.3453125 0.0671875 0.0265625
5 0.36875 0.3859375 0.06875 0.0265625
3 0.36875 0.428125 0.06875 0.0265625
0 0.36875 0.471875 0.0671875 0.028125
52 0.36875 0.5125 0.0671875 0.0296875
43 0.36875 0.553125 0.06875 0.025
34 0.36875 0.5953125 0.06875 0.028125
35 0.36875 0.6359375 0.0671875 0.028125
30 0.36875 0.6765625 0.0671875 0.028125
31 0.36875 0.71875 0.0671875 0.025
29 0.36875 0.759375 0.06875 0.028125
27 0.36875 0.8015625 0.0671875 0.0296875
17 0.36875 0.8421875 0.0671875 0.0265625