54 0.625 0.309375 0.021875 0.0421875
34 0.7125 0.3890625 0.0234375 0.009375
28 0.7125 0.4140625 0.0234375 0.009375
1 0.7125 0.4390625 0.0234375 0.0109375
43 0.59375 0.61875 0.04375 0.015625
40 0.59375 0.64375 0.0453125 0.015625
41 0.59375 0.66875 0.04375 0.0171875
28 0.59375 0.6921875 0.04375 0.015625
12 0.384375 0.178125 0.065625 0.0234375
13 0.384375 0.2203125 0.065625 0.0265625
15 0.384375 0.2625 0.0671875 0.0265625
46 0.36875 0.303125 0.0671875 0.025
10 0.36875 0.3453125 0.0671875 0.0265625
9 0.36875 0.3875 0.0671875 0.0265625
5 0.36875 0.4296875 0.06875 0.0265625
7 0.36875 0.4703125 0.0671875 0.0265625
52 0.36875 0.5109375 0.06875 0.028125
42 0.36875 0.553125 0.0671875 0.028125
38 0.36875 0.59375 0.0671875 0.028125
30 0.36875 0.6359375 0.065625 0.0265625
26 0.3703125 0.6765625 0.0671875 0.028125
25 0.3703125 0.7171875 0.0671875 0.028125
22 0.3703125 0.7609375 0.065625 0.028125
21 0.3703125 0.8015625 0.0671875 0.028125
17 0.3828125 0.8421875 0.06875 0.028125