50 0.7125 0.3890625 0.0234375 0.0109375
33 0.7125 0.4140625 0.0234375 0.0109375
45 0.7125 0.4390625 0.0234375 0.0109375
47 0.59375 0.6921875 0.046875 0.01875
9 0.4890625 0.4828125 0.05 0.0203125
14 0.36875 0.203125 0.0671875 0.028125
12 0.3703125 0.2453125 0.06875 0.028125
13 0.36875 0.2875 0.06875 0.0296875
15 0.36875 0.328125 0.06875 0.0296875
0 0.3703125 0.3703125 0.06875 0.028125
1 0.3703125 0.4109375 0.06875 0.0296875
3 0.3703125 0.453125 0.06875 0.0296875
34 0.3703125 0.49375 0.0671875 0.0296875
32 0.3703125 0.5359375 0.06875 0.0296875
24 0.36875 0.5765625 0.06875 0.028125
25 0.36875 0.6171875 0.06875 0.0296875
22 0.36875 0.6609375 0.06875 0.03125
23 0.36875 0.7015625 0.06875 0.0296875
18 0.36875 0.7421875 0.06875 0.0296875
17 0.36875 0.784375 0.06875 0.028125