13 0.7125 0.3890625 0.0234375 0.009375
7 0.7125 0.4140625 0.025 0.009375
28 0.7125 0.4390625 0.025 0.009375
54 0.625 0.309375 0.0234375 0.0453125
0 0.5953125 0.5453125 0.04375 0.0171875
50 0.59375 0.5703125 0.04375 0.01875
42 0.59375 0.5953125 0.0453125 0.01875
37 0.59375 0.61875 0.0453125 0.0171875
32 0.5953125 0.64375 0.04375 0.0171875
29 0.5953125 0.66875 0.0453125 0.01875
26 0.5953125 0.69375 0.0421875 0.01875
9 0.4890625 0.396875 0.0515625 0.0203125
6 0.4890625 0.4265625 0.0515625 0.0203125
2 0.4890625 0.4546875 0.0515625 0.0203125
49 0.4890625 0.4828125 0.0515625 0.021875
41 0.4890625 0.5109375 0.0515625 0.0203125
39 0.4890625 0.5390625 0.0515625 0.0203125
34 0.4890625 0.5671875 0.05 0.021875
53 0.359375 0.4328125 0.08125 0.0203125
12 0.36875 0.475 0.065625 0.025
47 0.36875 0.5171875 0.0671875 0.0265625