35 0.7125 0.3890625 0.0234375 0.009375
19 0.7125 0.4140625 0.0234375 0.009375
42 0.7125 0.4390625 0.0234375 0.009375
23 0.59375 0.61875 0.0453125 0.015625
22 0.59375 0.64375 0.0453125 0.01875
20 0.5953125 0.66875 0.04375 0.015625
19 0.59375 0.6921875 0.04375 0.0171875
53 0.359375 0.178125 0.0796875 0.021875
15 0.3671875 0.221875 0.06875 0.025
14 0.3671875 0.2625 0.0671875 0.0265625
12 0.3671875 0.3046875 0.06875 0.0296875
47 0.36875 0.3453125 0.06875 0.0265625
44 0.36875 0.3875 0.0671875 0.025
7 0.36875 0.428125 0.0671875 0.028125
4 0.36875 0.4703125 0.0671875 0.0265625
1 0.36875 0.5109375 0.06875 0.0265625
50 0.36875 0.553125 0.0671875 0.028125
39 0.36875 0.59375 0.0671875 0.028125
32 0.36875 0.6359375 0.0671875 0.0296875
31 0.36875 0.678125 0.0671875 0.0296875
30 0.36875 0.71875 0.0671875 0.025
25 0.36875 0.7609375 0.065625 0.0296875
18 0.36875 0.8015625 0.065625 0.0265625
17 0.36875 0.8421875 0.06875 0.0265625