13 0.7125 0.3890625 0.0234375 0.0109375
5 0.7125 0.4140625 0.0234375 0.0109375
51 0.7125 0.4390625 0.0234375 0.0109375
12 0.5953125 0.2765625 0.04375 0.0171875
14 0.5953125 0.3015625 0.0421875 0.01875
15 0.36875 0.1921875 0.06875 0.028125
44 0.36875 0.234375 0.06875 0.025
3 0.36875 0.2765625 0.0703125 0.0296875
1 0.36875 0.3171875 0.06875 0.028125
35 0.36875 0.359375 0.06875 0.0296875
34 0.36875 0.4 0.06875 0.028125
33 0.36875 0.4421875 0.06875 0.0296875
30 0.36875 0.484375 0.06875 0.028125
28 0.36875 0.5234375 0.06875 0.0265625
26 0.36875 0.565625 0.06875 0.028125
25 0.36875 0.60625 0.06875 0.0265625
23 0.36875 0.6484375 0.06875 0.028125
22 0.36875 0.690625 0.06875 0.028125
19 0.36875 0.73125 0.06875 0.0265625
18 0.36875 0.7734375 0.06875 0.0265625
17 0.36875 0.8140625 0.06875 0.0265625
21 0.59375 0.6671875 0.0453125 0.0171875
20 0.5953125 0.6921875 0.0453125 0.0171875