36 0.7125 0.3890625 0.0234375 0.009375
20 0.7125 0.4140625 0.0234375 0.009375
34 0.7125 0.4390625 0.0234375 0.009375
54 0.6265625 0.309375 0.0234375 0.04375
1 0.490625 0.4671875 0.05 0.01875
0 0.4890625 0.4953125 0.05 0.0203125
48 0.359375 0.2296875 0.08125 0.021875
53 0.359375 0.2703125 0.08125 0.021875
14 0.36875 0.3140625 0.0671875 0.025
44 0.36875 0.35625 0.0671875 0.0265625
45 0.36875 0.396875 0.0671875 0.0265625
47 0.36875 0.4390625 0.06875 0.0265625
50 0.36875 0.48125 0.06875 0.028125
42 0.36875 0.5203125 0.06875 0.0265625
41 0.36875 0.5640625 0.06875 0.028125
43 0.3671875 0.6046875 0.06875 0.028125
30 0.36875 0.6453125 0.06875 0.0265625
28 0.36875 0.6875 0.0671875 0.0265625
31 0.36875 0.7296875 0.06875 0.028125