53 0.3609375 0.1796875 0.0828125 0.0265625
15 0.3671875 0.221875 0.071875 0.03125
14 0.3671875 0.2640625 0.0703125 0.03125
12 0.3671875 0.3046875 0.0703125 0.0296875
47 0.3671875 0.346875 0.071875 0.0296875
44 0.3671875 0.3875 0.071875 0.0296875
7 0.3671875 0.4296875 0.071875 0.03125
4 0.3671875 0.4703125 0.071875 0.0296875
1 0.3671875 0.5125 0.071875 0.0296875
50 0.3671875 0.553125 0.0703125 0.03125
39 0.3671875 0.5953125 0.0703125 0.03125
32 0.3671875 0.6359375 0.0703125 0.0328125
31 0.36875 0.678125 0.0703125 0.03125
30 0.36875 0.7203125 0.06875 0.0296875
25 0.36875 0.759375 0.06875 0.03125
18 0.36875 0.803125 0.06875 0.0296875
17 0.36875 0.84375 0.06875 0.0296875
9 0.59375 0.61875 0.0453125 0.01875
10 0.59375 0.64375 0.0453125 0.01875
8 0.5953125 0.66875 0.04375 0.01875
28 0.5953125 0.69375 0.0421875 0.01875
35 0.7125 0.3890625 0.0234375 0.0109375
19 0.7125 0.4140625 0.0234375 0.009375
42 0.7125 0.4390625 0.0234375 0.0109375