34 0.7125 0.3890625 0.0234375 0.009375
28 0.7125 0.4140625 0.0234375 0.009375
1 0.7125 0.4390625 0.0234375 0.0109375
3 0.59375 0.278125 0.04375 0.015625
2 0.5953125 0.303125 0.04375 0.01875
54 0.434375 0.23125 0.0234375 0.0453125
15 0.36875 0.315625 0.0671875 0.025
10 0.36875 0.3578125 0.0671875 0.025
9 0.36875 0.4 0.0671875 0.0265625
42 0.36875 0.440625 0.0671875 0.025
38 0.36875 0.4828125 0.0671875 0.0265625
30 0.36875 0.5234375 0.065625 0.0265625
26 0.36875 0.565625 0.0671875 0.0265625
25 0.36875 0.60625 0.06875 0.0265625
17 0.3703125 0.6484375 0.0671875 0.0265625