27 0.7125 0.3890625 0.0234375 0.009375
10 0.7125 0.4140625 0.0234375 0.009375
52 0.7125 0.4390625 0.0234375 0.0109375
31 0.59375 0.5703125 0.0453125 0.015625
30 0.59375 0.5953125 0.04375 0.01875
24 0.59375 0.61875 0.04375 0.0171875
27 0.59375 0.64375 0.0453125 0.0171875
20 0.59375 0.66875 0.04375 0.0171875
23 0.59375 0.69375 0.0453125 0.0171875
48 0.359375 0.178125 0.0796875 0.0203125
13 0.3671875 0.221875 0.071875 0.025
46 0.3671875 0.2625 0.071875 0.025
45 0.365625 0.3046875 0.0703125 0.028125
11 0.3671875 0.346875 0.0703125 0.028125
7 0.3671875 0.3875 0.0703125 0.0296875
5 0.3671875 0.4296875 0.0703125 0.028125
4 0.3671875 0.4703125 0.071875 0.028125
51 0.3671875 0.5125 0.071875 0.03125
49 0.3671875 0.5546875 0.0703125 0.028125
43 0.3671875 0.5953125 0.0703125 0.0296875
36 0.3671875 0.6375 0.0703125 0.028125
33 0.36875 0.678125 0.071875 0.028125
29 0.36875 0.71875 0.071875 0.0265625
22 0.3671875 0.7609375 0.0703125 0.028125
21 0.3671875 0.8015625 0.0703125 0.0265625
17 0.3671875 0.84375 0.071875 0.028125