53 0.3609375 0.1796875 0.0828125 0.0265625
15 0.3671875 0.221875 0.0734375 0.028125
14 0.3671875 0.2640625 0.0734375 0.0296875
12 0.3671875 0.3046875 0.0734375 0.0265625
47 0.3671875 0.3453125 0.0734375 0.028125
44 0.365625 0.3875 0.0734375 0.0296875
7 0.365625 0.43125 0.0734375 0.0296875
4 0.3671875 0.471875 0.075 0.0296875
1 0.365625 0.5125 0.0734375 0.0296875
50 0.3671875 0.553125 0.0734375 0.0296875
39 0.3671875 0.5953125 0.071875 0.0296875
32 0.3671875 0.6359375 0.071875 0.0296875
31 0.3671875 0.6765625 0.071875 0.0296875
30 0.3671875 0.71875 0.071875 0.03125
25 0.36875 0.7609375 0.071875 0.0296875
18 0.36875 0.8015625 0.0703125 0.028125
17 0.3671875 0.84375 0.0703125 0.028125
23 0.59375 0.61875 0.0453125 0.01875
22 0.59375 0.64375 0.04375 0.01875
20 0.5953125 0.66875 0.04375 0.0171875
19 0.59375 0.69375 0.04375 0.01875
37 0.59375 0.2765625 0.04375 0.0171875
36 0.59375 0.303125 0.0453125 0.01875
38 0.59375 0.3265625 0.04375 0.0171875
5 0.59375 0.3515625 0.0453125 0.01875
35 0.7125 0.3890625 0.0234375 0.009375
42 0.7125 0.4390625 0.0234375 0.0109375
19 0.7125 0.4140625 0.0234375 0.0109375