48 0.359375 0.078125 0.08125 0.021875
14 0.36875 0.121875 0.065625 0.025
44 0.3703125 0.1625 0.065625 0.025
47 0.36875 0.203125 0.06875 0.028125
11 0.36875 0.2453125 0.0671875 0.03125
5 0.36875 0.284375 0.0671875 0.0265625
6 0.3703125 0.328125 0.06875 0.028125
4 0.3703125 0.36875 0.065625 0.028125
7 0.3703125 0.409375 0.0671875 0.028125
2 0.36875 0.45 0.0671875 0.0265625
51 0.36875 0.4921875 0.0671875 0.028125
49 0.36875 0.5328125 0.065625 0.028125
42 0.36875 0.5734375 0.065625 0.028125
39 0.36875 0.615625 0.0671875 0.028125
30 0.36875 0.65625 0.0640625 0.0265625
28 0.36875 0.696875 0.065625 0.0265625
20 0.3703125 0.7390625 0.0640625 0.0296875
23 0.36875 0.7796875 0.0671875 0.0296875
17 0.36875 0.8203125 0.065625 0.025
16 0.36875 0.8625 0.065625 0.0265625
42 0.7125 0.3890625 0.0234375 0.009375
30 0.7125 0.4140625 0.021875 0.009375
20 0.7125 0.4390625 0.0234375 0.009375