13 0.7125 0.3890625 0.0234375 0.009375
7 0.7125 0.4140625 0.025 0.0109375
28 0.7125 0.4390625 0.0234375 0.009375
44 0.59375 0.56875 0.04375 0.0171875
11 0.59375 0.59375 0.04375 0.0171875
7 0.59375 0.61875 0.0453125 0.0171875
3 0.59375 0.64375 0.0453125 0.01875
52 0.59375 0.66875 0.04375 0.01875
43 0.59375 0.6921875 0.0453125 0.0171875
36 0.4890625 0.4109375 0.05 0.0203125
33 0.4890625 0.4390625 0.05 0.0203125
31 0.490625 0.4671875 0.0515625 0.01875
25 0.490625 0.4953125 0.0515625 0.0203125
21 0.490625 0.5234375 0.0515625 0.0203125
18 0.4890625 0.553125 0.0515625 0.0203125
53 0.3609375 0.2921875 0.08125 0.021875
12 0.36875 0.334375 0.0671875 0.025
47 0.36875 0.3765625 0.06875 0.025
9 0.36875 0.4171875 0.0671875 0.0265625
6 0.36875 0.459375 0.06875 0.028125
2 0.36875 0.5015625 0.06875 0.028125
49 0.36875 0.5421875 0.0671875 0.0296875
41 0.36875 0.5828125 0.06875 0.0296875
39 0.36875 0.6265625 0.06875 0.028125
34 0.36875 0.665625 0.0671875 0.028125