52 0.7125 0.3890625 0.0234375 0.0109375
53 0.7125 0.4140625 0.025 0.009375
36 0.7125 0.4390625 0.0234375 0.0109375
23 0.59375 0.303125 0.04375 0.0203125
21 0.59375 0.2765625 0.0453125 0.0171875
13 0.36875 0.1796875 0.06875 0.0296875
12 0.36875 0.221875 0.0671875 0.0296875
45 0.36875 0.2625 0.06875 0.028125
44 0.3703125 0.3046875 0.0671875 0.0296875
9 0.3703125 0.3453125 0.0671875 0.0296875
8 0.3703125 0.3875 0.0671875 0.0296875
3 0.3703125 0.4296875 0.0671875 0.03125
50 0.3703125 0.4703125 0.0671875 0.03125
43 0.3828125 0.5125 0.06875 0.028125
40 0.3828125 0.5546875 0.06875 0.03125
29 0.36875 0.59375 0.0703125 0.028125
27 0.36875 0.6359375 0.0703125 0.0296875
26 0.36875 0.6796875 0.0703125 0.0296875
25 0.36875 0.71875 0.06875 0.0296875
22 0.36875 0.759375 0.0703125 0.028125
20 0.36875 0.803125 0.0703125 0.0296875
18 0.36875 0.84375 0.0703125 0.028125