36 0.7125 0.3890625 0.0234375 0.009375
20 0.7125 0.4140625 0.025 0.009375
34 0.7125 0.4390625 0.0234375 0.009375
33 0.490625 0.4671875 0.0515625 0.0203125
35 0.4890625 0.4953125 0.0515625 0.01875
37 0.59375 0.66875 0.0453125 0.0171875
36 0.59375 0.6921875 0.0453125 0.015625
48 0.3609375 0.2015625 0.0828125 0.021875
53 0.3609375 0.24375 0.0828125 0.0234375
14 0.36875 0.2859375 0.065625 0.025
44 0.3703125 0.328125 0.06875 0.025
45 0.36875 0.36875 0.0671875 0.0265625
47 0.36875 0.4109375 0.0671875 0.025
0 0.36875 0.453125 0.0671875 0.0265625
1 0.36875 0.49375 0.0671875 0.028125
50 0.3703125 0.5359375 0.0671875 0.0296875
42 0.3703125 0.578125 0.0671875 0.0265625
41 0.3703125 0.61875 0.0671875 0.0234375
43 0.3703125 0.659375 0.0671875 0.028125
30 0.36875 0.7015625 0.06875 0.025
28 0.36875 0.7421875 0.0671875 0.028125
31 0.3703125 0.784375 0.06875 0.0296875