48 0.3609375 0.178125 0.0796875 0.0203125
14 0.3703125 0.221875 0.065625 0.025
13 0.3703125 0.2625 0.065625 0.025
15 0.36875 0.303125 0.065625 0.0265625
10 0.3703125 0.3453125 0.0671875 0.0265625
2 0.3703125 0.3859375 0.0671875 0.0265625
51 0.3703125 0.428125 0.0671875 0.028125
40 0.36875 0.4703125 0.0671875 0.0265625
38 0.36875 0.5109375 0.0671875 0.025
37 0.36875 0.5515625 0.0671875 0.0265625
32 0.3703125 0.59375 0.065625 0.0265625
35 0.36875 0.6359375 0.0671875 0.028125
30 0.3703125 0.678125 0.065625 0.028125
26 0.36875 0.71875 0.065625 0.0296875
25 0.36875 0.759375 0.065625 0.025
27 0.36875 0.8015625 0.065625 0.025
21 0.36875 0.84375 0.065625 0.0296875