54 0.625 0.309375 0.0234375 0.0453125
53 0.7125 0.3890625 0.025 0.009375
16 0.7125 0.4140625 0.0234375 0.009375
34 0.7125 0.4390625 0.0234375 0.0109375
31 0.4890625 0.4265625 0.05 0.01875
30 0.4890625 0.453125 0.05 0.01875
29 0.4890625 0.4828125 0.05 0.01875
19 0.4890625 0.5109375 0.05 0.0203125
18 0.4890625 0.5390625 0.05 0.0171875
48 0.3609375 0.2515625 0.078125 0.021875
13 0.36875 0.29375 0.065625 0.025
47 0.36875 0.334375 0.0671875 0.0265625
11 0.36875 0.378125 0.0671875 0.028125
6 0.36875 0.4203125 0.0671875 0.0265625
4 0.36875 0.459375 0.0671875 0.0265625
2 0.36875 0.5 0.065625 0.0265625
49 0.36875 0.5421875 0.065625 0.0265625
43 0.36875 0.5828125 0.065625 0.0265625
37 0.36875 0.625 0.065625 0.0265625
36 0.36875 0.665625 0.0671875 0.025
35 0.36875 0.7078125 0.0671875 0.0265625